# Single SKU Max Power Table
# |CCK 1~11    |    OFDM 6 ~ 54        | |           HT24 MCS 0 ~ 15                  | |                   HT40 MCS 0 ~ 15            |
#   1  2 5.5 11  6  9 12 18 24 36 48 54  0  1  2  3  4  5  6 7  8   9 10 11 12 13 14 15 0   1  2  3  4  5  6  7  8  9 10 11 12 13 14 15
ch1 27 27 27 27 27 27 27 27 25 25 24 24 27 27 25 25 24 24 23 23 27 27 25 25 24 24 23 23 
ch2 27 27 27 27 27 27 27 27 25 25 24 24 27 27 25 25 24 24 23 23 27 27 25 25 24 24 23 23 
ch3 27 27 27 27 27 27 27 27 25 25 24 24 27 27 25 25 24 24 23 23 27 27 25 25 24 24 23 23 27 27 25 25 24 24 23 23 27 27 25 25 24 24 23 23
ch4 27 27 27 27 27 27 27 27 25 25 24 24 27 27 25 25 24 24 23 23 27 27 25 25 24 24 23 23 27 27 25 25 24 24 23 23 27 27 25 25 24 24 23 23
ch5 27 27 27 27 27 27 27 27 25 25 24 24 27 27 25 25 24 24 23 23 27 27 25 25 24 24 23 23 27 27 25 25 24 24 23 23 27 27 25 25 24 24 23 23
ch6 27 27 27 27 27 27 27 27 25 25 24 24 27 27 25 25 24 24 23 23 27 27 25 25 24 24 23 23 27 27 25 25 24 24 23 23 27 27 25 25 24 24 23 23
ch7 27 27 27 27 27 27 27 27 25 25 24 24 27 27 25 25 24 24 23 23 27 27 25 25 24 24 23 23 27 27 25 25 24 24 23 23 27 27 25 25 24 24 23 23
ch8 27 27 27 27 27 27 27 27 25 25 24 24 27 27 25 25 24 24 23 23 27 27 25 25 24 24 23 23 27 27 25 25 24 24 23 23 27 27 25 25 24 24 23 23
ch9 27 27 27 27 27 27 27 27 25 25 24 24 27 27 25 25 24 24 23 23 27 27 25 25 24 24 23 23 27 27 25 25 24 24 23 23 27 27 25 25 24 24 23 23
ch10 27 27 27 27 27 27 27 27 25 25 24 24 27 27 25 25 24 24 23 23 27 27 25 25 24 24 23 23  
ch11 27 27 27 27 27 27 27 27 25 25 24 24 27 27 25 25 24 24 23 23 27 27 25 25 24 24 23 23 
